[926, 4, 115, 28.75]
[325, 2, 37, 18.5]
[1113, 2, 34, 17.0]
[358, 2, 33, 16.5]
[160, 14, 228, 16.285714285714285]
[866, 2, 31, 15.5]
[1085, 2, 31, 15.5]
[661, 7, 107, 15.285714285714286]
[215, 2, 30, 15.0]
[734, 2, 27, 13.5]
[1187, 2, 25, 12.5]
[1193, 4, 50, 12.5]
[21, 3, 36, 12.0]
[1180, 2, 23, 11.5]
[107, 3, 33, 11.0]
[179, 6, 61, 10.166666666666666]
[1262, 31, 299, 9.64516129032258]
[1179, 16, 145, 9.0625]
[939, 3, 27, 9.0]
[571, 4, 33, 8.25]
[1138, 11, 90, 8.181818181818182]
[244, 4, 30, 7.5]
[459, 2, 15, 7.5]
[289, 5, 34, 6.8]
[268, 5, 33, 6.6]
[718, 2, 13, 6.5]
[1207, 6, 39, 6.5]
[688, 18, 112, 6.222222222222222]
[594, 16, 97, 6.0625]
[1016, 20, 115, 5.75]
[1276, 26, 147, 5.653846153846154]
[801, 4, 22, 5.5]
[1130, 6, 33, 5.5]
[1003, 6, 32, 5.333333333333333]
[1215, 4, 21, 5.25]
[766, 4, 19, 4.75]
[746, 19, 86, 4.526315789473684]
[703, 6, 27, 4.5]
[432, 6, 26, 4.333333333333333]
[77, 10, 42, 4.2]
[454, 6, 25, 4.166666666666667]
[1299, 75, 302, 4.026666666666666]
[229, 8, 32, 4.0]
[975, 13, 52, 4.0]
[1046, 4, 16, 4.0]
[1319, 16, 64, 4.0]
[852, 41, 161, 3.926829268292683]
[1268, 47, 184, 3.9148936170212765]
[979, 12, 45, 3.75]
[385, 14, 52, 3.7142857142857144]
[49, 6, 22, 3.6666666666666665]
[225, 15, 55, 3.6666666666666665]
[645, 9, 33, 3.6666666666666665]
[1246, 27, 99, 3.6666666666666665]
[761, 18, 65, 3.611111111111111]
[184, 15, 54, 3.6]
[267, 13, 46, 3.5384615384615383]
[172, 6, 21, 3.5]
[582, 18, 63, 3.5]
[246, 7, 24, 3.4285714285714284]
[576, 5, 17, 3.4]
[729, 10, 34, 3.4]
[242, 12, 40, 3.3333333333333335]
[28, 10, 33, 3.3]
[565, 10, 33, 3.3]
[520, 35, 115, 3.2857142857142856]
[1139, 22, 72, 3.272727272727273]
[1083, 14, 45, 3.2142857142857144]
[70, 27, 85, 3.1481481481481484]
[97, 12, 36, 3.0]
[91, 36, 107, 2.9722222222222223]
[456, 48, 141, 2.9375]
[692, 15, 44, 2.933333333333333]
[559, 24, 70, 2.9166666666666665]
[33, 26, 75, 2.8846153846153846]
[333, 19, 54, 2.8421052631578947]
[1044, 19, 54, 2.8421052631578947]
[343, 10, 28, 2.8]
[871, 15, 42, 2.8]
[964, 20, 56, 2.8]
[811, 14, 38, 2.7142857142857144]
[1236, 13, 35, 2.6923076923076925]
[407, 29, 77, 2.6551724137931036]
[1286, 8, 21, 2.625]
[1204, 61, 159, 2.6065573770491803]
[177, 16, 41, 2.5625]
[865, 14, 35, 2.5]
[1129, 2, 5, 2.5]
[1134, 12, 30, 2.5]
[1226, 12, 30, 2.5]
[1252, 65, 161, 2.476923076923077]
[956, 19, 47, 2.473684210526316]
[329, 27, 66, 2.4444444444444446]
[206, 15, 36, 2.4]
[771, 21, 50, 2.380952380952381]
[878, 7, 16, 2.2857142857142856]
[824, 15, 34, 2.2666666666666666]
[323, 19, 43, 2.263157894736842]
[1172, 13, 29, 2.230769230769231]
[272, 18, 40, 2.2222222222222223]
[444, 18, 40, 2.2222222222222223]
[528, 18, 40, 2.2222222222222223]
[763, 18, 40, 2.2222222222222223]
[1267, 48, 106, 2.2083333333333335]
[98, 60, 132, 2.2]
[1103, 20, 44, 2.2]
[1126, 5, 11, 2.2]
[786, 29, 63, 2.1724137931034484]
[1059, 68, 147, 2.161764705882353]
[599, 19, 41, 2.1578947368421053]
[709, 13, 28, 2.1538461538461537]
[220, 21, 45, 2.142857142857143]
[791, 19, 40, 2.1052631578947367]
[676, 61, 128, 2.098360655737705]
[419, 51, 107, 2.0980392156862746]
[818, 23, 48, 2.0869565217391304]
[1052, 18, 37, 2.0555555555555554]
[777, 20, 41, 2.05]
[665, 27, 55, 2.037037037037037]
[819, 29, 59, 2.0344827586206895]
[689, 59, 120, 2.0338983050847457]
[1063, 34, 69, 2.0294117647058822]
[374, 48, 97, 2.0208333333333335]
[336, 8, 16, 2.0]
[490, 18, 36, 2.0]
[497, 15, 30, 2.0]
[637, 31, 62, 2.0]
[827, 6, 12, 2.0]
[1051, 20, 40, 2.0]
[1123, 12, 24, 2.0]
[202, 21, 41, 1.9523809523809523]
[327, 32, 62, 1.9375]
[586, 14, 27, 1.9285714285714286]
[1150, 13, 25, 1.9230769230769231]
[555, 38, 73, 1.9210526315789473]
[803, 36, 69, 1.9166666666666667]
[142, 23, 44, 1.9130434782608696]
[796, 20, 38, 1.9]
[909, 39, 73, 1.8717948717948718]
[953, 61, 112, 1.8360655737704918]
[616, 11, 20, 1.8181818181818181]
[1077, 55, 100, 1.8181818181818181]
[1288, 76, 138, 1.8157894736842106]
[1066, 16, 29, 1.8125]
[682, 31, 56, 1.8064516129032258]
[143, 33, 59, 1.7878787878787878]
[1298, 27, 48, 1.7777777777777777]
[750, 31, 55, 1.7741935483870968]
[1014, 22, 39, 1.7727272727272727]
[1174, 20, 35, 1.75]
[1099, 27, 47, 1.7407407407407407]
[1277, 27, 47, 1.7407407407407407]
[635, 19, 33, 1.736842105263158]
[561, 34, 59, 1.7352941176470589]
[83, 30, 52, 1.7333333333333334]
[360, 18, 31, 1.7222222222222223]
[463, 18, 31, 1.7222222222222223]
[31, 7, 12, 1.7142857142857142]
[312, 38, 65, 1.7105263157894737]
[748, 23, 39, 1.6956521739130435]
[1015, 18, 30, 1.6666666666666667]
[114, 50, 83, 1.66]
[401, 22, 36, 1.6363636363636365]
[1140, 57, 92, 1.6140350877192982]
[92, 38, 61, 1.605263157894737]
[39, 15, 24, 1.6]
[119, 52, 83, 1.5961538461538463]
[134, 19, 30, 1.5789473684210527]
[165, 47, 74, 1.574468085106383]
[436, 49, 77, 1.5714285714285714]
[1302, 30, 47, 1.5666666666666667]
[873, 23, 36, 1.565217391304348]
[237, 18, 28, 1.5555555555555556]
[1145, 18, 28, 1.5555555555555556]
[276, 20, 31, 1.55]
[834, 17, 26, 1.5294117647058822]
[195, 14, 21, 1.5]
[446, 24, 36, 1.5]
[782, 34, 51, 1.5]
[1257, 33, 49, 1.4848484848484849]
[810, 29, 43, 1.4827586206896552]
[583, 38, 56, 1.4736842105263157]
[226, 38, 55, 1.4473684210526316]
[1037, 18, 26, 1.4444444444444444]
[613, 34, 49, 1.4411764705882353]
[1304, 48, 69, 1.4375]
[642, 45, 64, 1.4222222222222223]
[464, 31, 44, 1.4193548387096775]
[1182, 12, 17, 1.4166666666666667]
[826, 20, 28, 1.4]
[1245, 35, 49, 1.4]
[687, 28, 39, 1.3928571428571428]
[966, 42, 58, 1.380952380952381]
[189, 29, 40, 1.3793103448275863]
[468, 54, 74, 1.3703703703703705]
[347, 39, 53, 1.358974358974359]
[278, 31, 42, 1.3548387096774193]
[940, 17, 23, 1.3529411764705883]
[1073, 17, 23, 1.3529411764705883]
[753, 20, 27, 1.35]
[1270, 23, 31, 1.3478260869565217]
[608, 35, 47, 1.3428571428571427]
[369, 18, 24, 1.3333333333333333]
[879, 9, 12, 1.3333333333333333]
[1148, 12, 16, 1.3333333333333333]
[614, 28, 37, 1.3214285714285714]
[897, 22, 29, 1.3181818181818181]
[944, 22, 29, 1.3181818181818181]
[1111, 19, 25, 1.3157894736842106]
[44, 50, 65, 1.3]
[377, 17, 22, 1.2941176470588236]
[835, 41, 53, 1.2926829268292683]
[533, 65, 84, 1.2923076923076924]
[15, 28, 36, 1.2857142857142858]
[50, 21, 27, 1.2857142857142858]
[723, 28, 36, 1.2857142857142858]
[924, 21, 27, 1.2857142857142858]
[1042, 25, 32, 1.28]
[443, 54, 69, 1.2777777777777777]
[405, 29, 37, 1.2758620689655173]
[822, 19, 24, 1.263157894736842]
[318, 27, 34, 1.2592592592592593]
[1020, 31, 39, 1.2580645161290323]
[1125, 31, 39, 1.2580645161290323]
[250, 16, 20, 1.25]
[655, 20, 25, 1.25]
[778, 28, 35, 1.25]
[1185, 8, 10, 1.25]
[85, 34, 42, 1.2352941176470589]
[409, 64, 79, 1.234375]
[429, 30, 37, 1.2333333333333334]
[148, 44, 54, 1.2272727272727273]
[308, 69, 84, 1.2173913043478262]
[170, 52, 63, 1.2115384615384615]
[396, 44, 53, 1.2045454545454546]
[584, 20, 24, 1.2]
[651, 20, 24, 1.2]
[1071, 31, 37, 1.1935483870967742]
[1149, 26, 31, 1.1923076923076923]
[1197, 27, 32, 1.1851851851851851]
[248, 22, 26, 1.1818181818181819]
[1067, 17, 20, 1.1764705882352942]
[1203, 17, 20, 1.1764705882352942]
[335, 23, 27, 1.173913043478261]
[719, 18, 21, 1.1666666666666667]
[1146, 48, 56, 1.1666666666666667]
[311, 32, 37, 1.15625]
[1206, 13, 15, 1.1538461538461537]
[511, 20, 23, 1.15]
[14, 41, 47, 1.146341463414634]
[124, 29, 33, 1.1379310344827587]
[293, 29, 33, 1.1379310344827587]
[513, 29, 33, 1.1379310344827587]
[884, 51, 58, 1.1372549019607843]
[467, 22, 25, 1.1363636363636365]
[1156, 22, 25, 1.1363636363636365]
[1039, 37, 42, 1.135135135135135]
[12, 75, 85, 1.1333333333333333]
[395, 32, 36, 1.125]
[776, 56, 63, 1.125]
[403, 37, 41, 1.1081081081081081]
[439, 28, 31, 1.1071428571428572]
[469, 38, 42, 1.105263157894737]
[569, 81, 89, 1.0987654320987654]
[627, 41, 45, 1.0975609756097562]
[341, 53, 58, 1.0943396226415094]
[76, 12, 13, 1.0833333333333333]
[702, 37, 40, 1.0810810810810811]
[1096, 64, 69, 1.078125]
[270, 13, 14, 1.0769230769230769]
[707, 27, 29, 1.0740740740740742]
[823, 27, 29, 1.0740740740740742]
[1214, 27, 29, 1.0740740740740742]
[399, 28, 30, 1.0714285714285714]
[254, 44, 47, 1.0681818181818181]
[214, 15, 16, 1.0666666666666667]
[125, 31, 33, 1.064516129032258]
[1217, 16, 17, 1.0625]
[389, 33, 35, 1.0606060606060606]
[934, 19, 20, 1.0526315789473684]
[1250, 19, 20, 1.0526315789473684]
[1200, 20, 21, 1.05]
[243, 24, 25, 1.0416666666666667]
[864, 24, 25, 1.0416666666666667]
[508, 50, 52, 1.04]
[1171, 52, 54, 1.0384615384615385]
[481, 27, 28, 1.037037037037037]
[1184, 44, 45, 1.0227272727272727]
[109, 23, 23, 1.0]
[159, 16, 16, 1.0]
[211, 24, 24, 1.0]
[260, 23, 23, 1.0]
[390, 29, 29, 1.0]
[493, 19, 19, 1.0]
[526, 19, 19, 1.0]
[727, 28, 28, 1.0]
[728, 56, 56, 1.0]
[883, 29, 29, 1.0]
[1032, 29, 29, 1.0]
[1253, 16, 16, 1.0]
[1290, 59, 59, 1.0]
[394, 43, 42, 0.9767441860465116]
[581, 31, 30, 0.967741935483871]
[523, 29, 28, 0.9655172413793104]
[603, 55, 53, 0.9636363636363636]
[458, 27, 26, 0.9629629629629629]
[907, 27, 26, 0.9629629629629629]
[965, 47, 45, 0.9574468085106383]
[356, 22, 21, 0.9545454545454546]
[470, 21, 20, 0.9523809523809523]
[833, 41, 39, 0.9512195121951219]
[174, 59, 56, 0.9491525423728814]
[9, 115, 109, 0.9478260869565217]
[146, 18, 17, 0.9444444444444444]
[1072, 72, 68, 0.9444444444444444]
[892, 32, 30, 0.9375]
[81, 40, 37, 0.925]
[351, 50, 46, 0.92]
[793, 61, 56, 0.9180327868852459]
[1061, 68, 62, 0.9117647058823529]
[1040, 11, 10, 0.9090909090909091]
[1324, 33, 30, 0.9090909090909091]
[486, 65, 59, 0.9076923076923077]
[117, 31, 28, 0.9032258064516129]
[1339, 41, 37, 0.9024390243902439]
[652, 40, 36, 0.9]
[984, 10, 9, 0.9]
[705, 39, 35, 0.8974358974358975]
[73, 19, 17, 0.8947368421052632]
[367, 47, 42, 0.8936170212765957]
[357, 74, 66, 0.8918918918918919]
[69, 54, 48, 0.8888888888888888]
[928, 27, 24, 0.8888888888888888]
[1026, 36, 32, 0.8888888888888888]
[417, 95, 84, 0.8842105263157894]
[1147, 34, 30, 0.8823529411764706]
[1325, 34, 30, 0.8823529411764706]
[841, 49, 43, 0.8775510204081632]
[1064, 40, 35, 0.875]
[1307, 48, 42, 0.875]
[216, 63, 55, 0.873015873015873]
[930, 55, 48, 0.8727272727272727]
[301, 37, 32, 0.8648648648648649]
[946, 162, 139, 0.8580246913580247]
[102, 35, 30, 0.8571428571428571]
[1050, 94, 80, 0.851063829787234]
[543, 60, 51, 0.85]
[802, 19, 16, 0.8421052631578947]
[320, 62, 52, 0.8387096774193549]
[1036, 103, 86, 0.8349514563106796]
[917, 96, 80, 0.8333333333333334]
[64, 35, 29, 0.8285714285714286]
[281, 29, 24, 0.8275862068965517]
[572, 51, 42, 0.8235294117647058]
[911, 68, 56, 0.8235294117647058]
[678, 73, 60, 0.821917808219178]
[297, 44, 36, 0.8181818181818182]
[539, 37, 30, 0.8108108108108109]
[605, 102, 82, 0.803921568627451]
[1261, 60, 48, 0.8]
[920, 79, 63, 0.7974683544303798]
[1247, 64, 51, 0.796875]
[1082, 54, 43, 0.7962962962962963]
[48, 98, 78, 0.7959183673469388]
[451, 47, 37, 0.7872340425531915]
[585, 14, 11, 0.7857142857142857]
[794, 14, 11, 0.7857142857142857]
[817, 23, 18, 0.782608695652174]
[1274, 64, 50, 0.78125]
[621, 45, 35, 0.7777777777777778]
[1114, 18, 14, 0.7777777777777778]
[1317, 18, 14, 0.7777777777777778]
[704, 49, 38, 0.7755102040816326]
[952, 79, 61, 0.7721518987341772]
[919, 35, 27, 0.7714285714285715]
[322, 61, 47, 0.7704918032786885]
[241, 39, 30, 0.7692307692307693]
[1089, 30, 23, 0.7666666666666667]
[699, 59, 45, 0.7627118644067796]
[667, 25, 19, 0.76]
[120, 28, 21, 0.75]
[484, 24, 18, 0.75]
[785, 32, 24, 0.75]
[1011, 48, 36, 0.75]
[1194, 32, 24, 0.75]
[1048, 74, 55, 0.7432432432432432]
[505, 96, 71, 0.7395833333333334]
[104, 49, 36, 0.7346938775510204]
[492, 41, 30, 0.7317073170731707]
[502, 103, 75, 0.7281553398058253]
[1105, 33, 24, 0.7272727272727273]
[239, 40, 29, 0.725]
[968, 36, 26, 0.7222222222222222]
[1108, 36, 26, 0.7222222222222222]
[714, 57, 41, 0.7192982456140351]
[345, 64, 46, 0.71875]
[1211, 39, 28, 0.717948717948718]
[799, 21, 15, 0.7142857142857143]
[996, 28, 20, 0.7142857142857143]
[1128, 35, 25, 0.7142857142857143]
[455, 41, 29, 0.7073170731707317]
[1258, 71, 50, 0.704225352112676]
[1024, 57, 40, 0.7017543859649122]
[78, 80, 56, 0.7]
[1255, 63, 44, 0.6984126984126984]
[59, 42, 29, 0.6904761904761905]
[1127, 48, 33, 0.6875]
[199, 76, 52, 0.6842105263157895]
[807, 60, 41, 0.6833333333333333]
[197, 41, 28, 0.6829268292682927]
[118, 34, 23, 0.6764705882352942]
[839, 34, 23, 0.6764705882352942]
[1295, 68, 46, 0.6764705882352942]
[212, 64, 43, 0.671875]
[368, 36, 24, 0.6666666666666666]
[372, 24, 16, 0.6666666666666666]
[514, 21, 14, 0.6666666666666666]
[1196, 6, 4, 0.6666666666666666]
[831, 50, 33, 0.66]
[282, 47, 31, 0.6595744680851063]
[1338, 79, 52, 0.6582278481012658]
[1005, 55, 36, 0.6545454545454545]
[424, 49, 32, 0.6530612244897959]
[697, 72, 47, 0.6527777777777778]
[23, 66, 43, 0.6515151515151515]
[536, 57, 37, 0.6491228070175439]
[53, 17, 11, 0.6470588235294118]
[887, 51, 33, 0.6470588235294118]
[6, 172, 111, 0.6453488372093024]
[575, 62, 40, 0.6451612903225806]
[1009, 59, 38, 0.6440677966101694]
[213, 84, 54, 0.6428571428571429]
[1160, 25, 16, 0.64]
[164, 36, 23, 0.6388888888888888]
[747, 83, 53, 0.6385542168674698]
[842, 41, 26, 0.6341463414634146]
[51, 60, 38, 0.6333333333333333]
[26, 49, 31, 0.6326530612244898]
[482, 49, 31, 0.6326530612244898]
[1297, 54, 34, 0.6296296296296297]
[895, 35, 22, 0.6285714285714286]
[36, 32, 20, 0.625]
[101, 80, 50, 0.625]
[127, 40, 25, 0.625]
[207, 74, 46, 0.6216216216216216]
[1035, 37, 23, 0.6216216216216216]
[1223, 37, 23, 0.6216216216216216]
[542, 29, 18, 0.6206896551724138]
[671, 50, 31, 0.62]
[302, 55, 34, 0.6181818181818182]
[922, 47, 29, 0.6170212765957447]
[425, 93, 57, 0.6129032258064516]
[105, 41, 25, 0.6097560975609756]
[340, 64, 39, 0.609375]
[228, 23, 14, 0.6086956521739131]
[190, 38, 23, 0.6052631578947368]
[1022, 53, 32, 0.6037735849056604]
[158, 50, 30, 0.6]
[775, 55, 33, 0.6]
[955, 60, 36, 0.6]
[932, 52, 31, 0.5961538461538461]
[646, 47, 28, 0.5957446808510638]
[61, 37, 22, 0.5945945945945946]
[452, 32, 19, 0.59375]
[1321, 59, 35, 0.5932203389830508]
[261, 86, 51, 0.5930232558139535]
[387, 66, 39, 0.5909090909090909]
[744, 83, 49, 0.5903614457831325]
[994, 51, 30, 0.5882352941176471]
[538, 70, 41, 0.5857142857142857]
[141, 65, 38, 0.5846153846153846]
[192, 31, 18, 0.5806451612903226]
[290, 69, 40, 0.5797101449275363]
[870, 57, 33, 0.5789473684210527]
[1330, 52, 30, 0.5769230769230769]
[256, 66, 38, 0.5757575757575758]
[210, 75, 43, 0.5733333333333334]
[550, 82, 47, 0.573170731707317]
[42, 21, 12, 0.5714285714285714]
[1121, 28, 16, 0.5714285714285714]
[426, 58, 33, 0.5689655172413793]
[348, 67, 38, 0.5671641791044776]
[654, 30, 17, 0.5666666666666667]
[423, 85, 48, 0.5647058823529412]
[128, 32, 18, 0.5625]
[1021, 66, 37, 0.5606060606060606]
[139, 84, 47, 0.5595238095238095]
[376, 68, 38, 0.5588235294117647]
[1131, 34, 19, 0.5588235294117647]
[680, 70, 39, 0.5571428571428572]
[54, 27, 15, 0.5555555555555556]
[840, 27, 15, 0.5555555555555556]
[1084, 72, 40, 0.5555555555555556]
[772, 74, 41, 0.5540540540540541]
[854, 74, 41, 0.5540540540540541]
[634, 116, 64, 0.5517241379310345]
[837, 22, 12, 0.5454545454545454]
[1117, 24, 13, 0.5416666666666666]
[314, 50, 27, 0.54]
[535, 76, 41, 0.5394736842105263]
[47, 39, 21, 0.5384615384615384]
[181, 91, 49, 0.5384615384615384]
[1192, 26, 14, 0.5384615384615384]
[640, 54, 29, 0.5370370370370371]
[421, 69, 37, 0.5362318840579711]
[541, 56, 30, 0.5357142857142857]
[1331, 56, 30, 0.5357142857142857]
[315, 43, 23, 0.5348837209302325]
[625, 75, 40, 0.5333333333333333]
[806, 45, 24, 0.5333333333333333]
[1023, 47, 25, 0.5319148936170213]
[449, 32, 17, 0.53125]
[1120, 32, 17, 0.53125]
[193, 57, 30, 0.5263157894736842]
[370, 38, 20, 0.5263157894736842]
[115, 46, 24, 0.5217391304347826]
[295, 23, 12, 0.5217391304347826]
[875, 50, 26, 0.52]
[1322, 27, 14, 0.5185185185185185]
[29, 56, 29, 0.5178571428571429]
[1335, 29, 15, 0.5172413793103449]
[845, 31, 16, 0.5161290322580645]
[1314, 115, 59, 0.5130434782608696]
[1102, 39, 20, 0.5128205128205128]
[400, 88, 45, 0.5113636363636364]
[478, 49, 25, 0.5102040816326531]
[726, 49, 25, 0.5102040816326531]
[997, 49, 25, 0.5102040816326531]
[595, 53, 27, 0.5094339622641509]
[334, 57, 29, 0.5087719298245614]
[921, 61, 31, 0.5081967213114754]
[1263, 69, 35, 0.5072463768115942]
[25, 75, 38, 0.5066666666666667]
[203, 77, 39, 0.5064935064935064]
[427, 62, 31, 0.5]
[710, 46, 23, 0.5]
[712, 24, 12, 0.5]
[954, 52, 26, 0.5]
[670, 49, 24, 0.4897959183673469]
[1092, 41, 20, 0.4878048780487805]
[1260, 41, 20, 0.4878048780487805]
[1208, 35, 17, 0.4857142857142857]
[516, 33, 16, 0.48484848484848486]
[681, 97, 47, 0.4845360824742268]
[899, 97, 47, 0.4845360824742268]
[154, 93, 45, 0.4838709677419355]
[547, 89, 43, 0.48314606741573035]
[173, 56, 27, 0.48214285714285715]
[628, 83, 40, 0.4819277108433735]
[448, 81, 39, 0.48148148148148145]
[524, 23, 11, 0.4782608695652174]
[902, 107, 51, 0.4766355140186916]
[355, 78, 37, 0.47435897435897434]
[931, 57, 27, 0.47368421052631576]
[1017, 38, 18, 0.47368421052631576]
[684, 74, 35, 0.47297297297297297]
[788, 53, 25, 0.4716981132075472]
[151, 70, 33, 0.4714285714285714]
[232, 17, 8, 0.47058823529411764]
[398, 51, 24, 0.47058823529411764]
[168, 64, 30, 0.46875]
[809, 32, 15, 0.46875]
[412, 77, 36, 0.4675324675324675]
[1080, 71, 33, 0.4647887323943662]
[94, 56, 26, 0.4642857142857143]
[182, 13, 6, 0.46153846153846156]
[738, 73, 33, 0.4520547945205479]
[838, 73, 33, 0.4520547945205479]
[1027, 71, 32, 0.4507042253521127]
[332, 40, 18, 0.45]
[829, 29, 13, 0.4482758620689655]
[649, 67, 30, 0.44776119402985076]
[1075, 65, 29, 0.4461538461538462]
[1118, 27, 12, 0.4444444444444444]
[1078, 70, 31, 0.44285714285714284]
[1000, 77, 34, 0.44155844155844154]
[701, 68, 30, 0.4411764705882353]
[578, 59, 26, 0.4406779661016949]
[388, 25, 11, 0.44]
[420, 75, 33, 0.44]
[379, 73, 32, 0.4383561643835616]
[600, 73, 32, 0.4383561643835616]
[694, 73, 32, 0.4383561643835616]
[1054, 32, 14, 0.4375]
[331, 55, 24, 0.43636363636363634]
[363, 23, 10, 0.43478260869565216]
[862, 83, 36, 0.43373493975903615]
[264, 113, 49, 0.4336283185840708]
[544, 90, 39, 0.43333333333333335]
[257, 37, 16, 0.43243243243243246]
[1143, 81, 35, 0.43209876543209874]
[240, 44, 19, 0.4318181818181818]
[495, 58, 25, 0.43103448275862066]
[316, 63, 27, 0.42857142857142855]
[521, 14, 6, 0.42857142857142855]
[1334, 49, 21, 0.42857142857142855]
[1177, 33, 14, 0.42424242424242425]
[1326, 59, 25, 0.423728813559322]
[17, 71, 30, 0.4225352112676056]
[317, 90, 38, 0.4222222222222222]
[1232, 50, 21, 0.42]
[279, 48, 20, 0.4166666666666667]
[321, 60, 25, 0.4166666666666667]
[814, 24, 10, 0.4166666666666667]
[1142, 46, 19, 0.41304347826086957]
[287, 109, 45, 0.41284403669724773]
[1157, 17, 7, 0.4117647058823529]
[700, 56, 23, 0.4107142857142857]
[716, 56, 23, 0.4107142857142857]
[713, 39, 16, 0.41025641025641024]
[735, 39, 16, 0.41025641025641024]
[519, 61, 25, 0.4098360655737705]
[489, 66, 27, 0.4090909090909091]
[609, 71, 29, 0.4084507042253521]
[410, 59, 24, 0.4067796610169492]
[1008, 64, 26, 0.40625]
[876, 37, 15, 0.40540540540540543]
[606, 79, 32, 0.4050632911392405]
[731, 72, 29, 0.4027777777777778]
[131, 40, 16, 0.4]
[441, 80, 32, 0.4]
[498, 108, 43, 0.39814814814814814]
[485, 68, 27, 0.39705882352941174]
[545, 58, 23, 0.39655172413793105]
[592, 53, 21, 0.39622641509433965]
[698, 43, 17, 0.3953488372093023]
[1293, 86, 34, 0.3953488372093023]
[1068, 71, 28, 0.39436619718309857]
[129, 33, 13, 0.3939393939393939]
[161, 61, 24, 0.39344262295081966]
[138, 72, 28, 0.3888888888888889]
[1175, 18, 7, 0.3888888888888889]
[1271, 72, 28, 0.3888888888888889]
[285, 91, 35, 0.38461538461538464]
[1210, 13, 5, 0.38461538461538464]
[1229, 26, 10, 0.38461538461538464]
[122, 73, 28, 0.3835616438356164]
[773, 89, 34, 0.38202247191011235]
[339, 21, 8, 0.38095238095238093]
[679, 100, 38, 0.38]
[373, 79, 30, 0.379746835443038]
[510, 77, 29, 0.37662337662337664]
[171, 80, 30, 0.375]
[319, 72, 27, 0.375]
[366, 40, 15, 0.375]
[392, 48, 18, 0.375]
[402, 56, 21, 0.375]
[1041, 88, 33, 0.375]
[937, 59, 22, 0.3728813559322034]
[741, 86, 32, 0.37209302325581395]
[1153, 35, 13, 0.37142857142857144]
[557, 46, 17, 0.3695652173913043]
[779, 87, 32, 0.367816091954023]
[1323, 41, 15, 0.36585365853658536]
[882, 22, 8, 0.36363636363636365]
[925, 58, 21, 0.3620689655172414]
[75, 105, 38, 0.3619047619047619]
[112, 64, 23, 0.359375]
[265, 78, 28, 0.358974358974359]
[1159, 39, 14, 0.358974358974359]
[781, 53, 19, 0.3584905660377358]
[113, 70, 25, 0.35714285714285715]
[1043, 28, 10, 0.35714285714285715]
[548, 59, 21, 0.3559322033898305]
[527, 45, 16, 0.35555555555555557]
[1086, 31, 11, 0.3548387096774194]
[949, 127, 45, 0.3543307086614173]
[1013, 144, 51, 0.3541666666666667]
[391, 51, 18, 0.35294117647058826]
[624, 68, 24, 0.35294117647058826]
[859, 68, 24, 0.35294117647058826]
[1029, 68, 24, 0.35294117647058826]
[1124, 71, 25, 0.352112676056338]
[1012, 54, 19, 0.35185185185185186]
[647, 43, 15, 0.3488372093023256]
[337, 72, 25, 0.3472222222222222]
[935, 72, 25, 0.3472222222222222]
[836, 61, 21, 0.3442622950819672]
[967, 44, 15, 0.3409090909090909]
[1081, 88, 30, 0.3409090909090909]
[27, 56, 19, 0.3392857142857143]
[479, 62, 21, 0.3387096774193548]
[1152, 65, 22, 0.3384615384615385]
[121, 74, 25, 0.33783783783783783]
[558, 89, 30, 0.33707865168539325]
[722, 30, 10, 0.3333333333333333]
[855, 75, 25, 0.3333333333333333]
[696, 80, 26, 0.325]
[1079, 114, 37, 0.32456140350877194]
[1057, 74, 24, 0.32432432432432434]
[354, 127, 41, 0.3228346456692913]
[187, 28, 9, 0.32142857142857145]
[732, 25, 8, 0.32]
[664, 22, 7, 0.3181818181818182]
[643, 60, 19, 0.31666666666666665]
[604, 57, 18, 0.3157894736842105]
[1060, 133, 42, 0.3157894736842105]
[284, 83, 26, 0.3132530120481928]
[397, 83, 26, 0.3132530120481928]
[20, 80, 25, 0.3125]
[380, 32, 10, 0.3125]
[562, 64, 20, 0.3125]
[7, 61, 19, 0.3114754098360656]
[888, 61, 19, 0.3114754098360656]
[632, 58, 18, 0.3103448275862069]
[666, 84, 26, 0.30952380952380953]
[695, 36, 11, 0.3055555555555556]
[1285, 360, 110, 0.3055555555555556]
[1266, 167, 51, 0.30538922155688625]
[11, 82, 25, 0.3048780487804878]
[982, 23, 7, 0.30434782608695654]
[991, 46, 14, 0.30434782608695654]
[305, 127, 38, 0.2992125984251969]
[923, 213, 63, 0.29577464788732394]
[57, 68, 20, 0.29411764705882354]
[1332, 41, 12, 0.2926829268292683]
[66, 124, 36, 0.2903225806451613]
[589, 31, 9, 0.2903225806451613]
[918, 66, 19, 0.2878787878787879]
[74, 70, 20, 0.2857142857142857]
[848, 91, 26, 0.2857142857142857]
[1220, 35, 10, 0.2857142857142857]
[167, 88, 25, 0.2840909090909091]
[487, 53, 15, 0.2830188679245283]
[950, 202, 57, 0.28217821782178215]
[1038, 68, 19, 0.27941176470588236]
[648, 29, 8, 0.27586206896551724]
[200, 80, 22, 0.275]
[56, 51, 14, 0.27450980392156865]
[108, 62, 17, 0.27419354838709675]
[82, 73, 20, 0.273972602739726]
[84, 70, 19, 0.2714285714285714]
[460, 59, 16, 0.2711864406779661]
[342, 48, 13, 0.2708333333333333]
[447, 56, 15, 0.26785714285714285]
[668, 56, 15, 0.26785714285714285]
[820, 56, 15, 0.26785714285714285]
[18, 68, 18, 0.2647058823529412]
[116, 140, 37, 0.2642857142857143]
[566, 138, 36, 0.2608695652173913]
[37, 192, 50, 0.2604166666666667]
[46, 50, 13, 0.26]
[163, 50, 13, 0.26]
[927, 58, 15, 0.25862068965517243]
[330, 89, 23, 0.25842696629213485]
[1169, 47, 12, 0.2553191489361702]
[422, 118, 30, 0.2542372881355932]
[821, 67, 17, 0.2537313432835821]
[832, 83, 21, 0.25301204819277107]
[72, 115, 29, 0.25217391304347825]
[58, 48, 12, 0.25]
[364, 88, 22, 0.25]
[611, 48, 12, 0.25]
[880, 56, 14, 0.25]
[1218, 16, 4, 0.25]
[176, 113, 28, 0.24778761061946902]
[461, 81, 20, 0.24691358024691357]
[496, 41, 10, 0.24390243902439024]
[531, 41, 10, 0.24390243902439024]
[650, 132, 32, 0.24242424242424243]
[286, 58, 14, 0.2413793103448276]
[382, 108, 26, 0.24074074074074073]
[100, 46, 11, 0.2391304347826087]
[631, 134, 32, 0.23880597014925373]
[691, 42, 10, 0.23809523809523808]
[381, 139, 33, 0.23741007194244604]
[552, 152, 36, 0.23684210526315788]
[851, 182, 43, 0.23626373626373626]
[384, 89, 21, 0.23595505617977527]
[292, 17, 4, 0.23529411764705882]
[770, 60, 14, 0.23333333333333334]
[231, 39, 9, 0.23076923076923078]
[324, 100, 23, 0.23]
[223, 87, 20, 0.22988505747126436]
[263, 74, 17, 0.22972972972972974]
[906, 105, 24, 0.22857142857142856]
[715, 97, 22, 0.2268041237113402]
[180, 75, 17, 0.22666666666666666]
[500, 58, 13, 0.22413793103448276]
[706, 27, 6, 0.2222222222222222]
[196, 122, 27, 0.22131147540983606]
[155, 59, 13, 0.22033898305084745]
[774, 73, 16, 0.2191780821917808]
[1213, 55, 12, 0.21818181818181817]
[868, 51, 11, 0.21568627450980393]
[198, 47, 10, 0.2127659574468085]
[62, 85, 18, 0.21176470588235294]
[1095, 123, 26, 0.21138211382113822]
[247, 19, 4, 0.21052631578947367]
[987, 38, 8, 0.21052631578947367]
[178, 124, 26, 0.20967741935483872]
[217, 67, 14, 0.208955223880597]
[1070, 48, 10, 0.20833333333333334]
[145, 82, 17, 0.2073170731707317]
[499, 140, 29, 0.20714285714285716]
[79, 49, 10, 0.20408163265306123]
[408, 54, 11, 0.2037037037037037]
[273, 45, 9, 0.2]
[904, 30, 6, 0.2]
[253, 71, 14, 0.19718309859154928]
[298, 51, 10, 0.19607843137254902]
[568, 51, 10, 0.19607843137254902]
[885, 41, 8, 0.1951219512195122]
[393, 93, 18, 0.1935483870967742]
[663, 62, 12, 0.1935483870967742]
[406, 146, 28, 0.1917808219178082]
[756, 63, 12, 0.19047619047619047]
[93, 101, 19, 0.18811881188118812]
[597, 70, 13, 0.18571428571428572]
[867, 70, 13, 0.18571428571428572]
[1110, 60, 11, 0.18333333333333332]
[789, 137, 25, 0.18248175182481752]
[338, 99, 18, 0.18181818181818182]
[914, 144, 26, 0.18055555555555555]
[483, 89, 16, 0.1797752808988764]
[157, 369, 66, 0.17886178861788618]
[30, 208, 37, 0.1778846153846154]
[622, 62, 11, 0.1774193548387097]
[404, 96, 17, 0.17708333333333334]
[234, 51, 9, 0.17647058823529413]
[1316, 132, 23, 0.17424242424242425]
[1168, 69, 12, 0.17391304347826086]
[466, 93, 16, 0.17204301075268819]
[251, 76, 13, 0.17105263157894737]
[294, 76, 13, 0.17105263157894737]
[162, 112, 19, 0.16964285714285715]
[1069, 101, 17, 0.16831683168316833]
[1135, 113, 19, 0.168141592920354]
[95, 186, 31, 0.16666666666666666]
[457, 30, 5, 0.16666666666666666]
[1074, 150, 25, 0.16666666666666666]
[1018, 55, 9, 0.16363636363636364]
[1045, 104, 17, 0.16346153846153846]
[1047, 104, 17, 0.16346153846153846]
[1336, 62, 10, 0.16129032258064516]
[346, 56, 9, 0.16071428571428573]
[1287, 119, 19, 0.15966386554621848]
[111, 163, 26, 0.15950920245398773]
[1076, 83, 13, 0.1566265060240964]
[602, 103, 16, 0.1553398058252427]
[67, 182, 28, 0.15384615384615385]
[1328, 13, 2, 0.15384615384615385]
[344, 93, 14, 0.15053763440860216]
[434, 35, 5, 0.14285714285714285]
[1019, 91, 13, 0.14285714285714285]
[784, 120, 17, 0.14166666666666666]
[326, 86, 12, 0.13953488372093023]
[245, 65, 9, 0.13846153846153847]
[947, 109, 15, 0.13761467889908258]
[976, 82, 11, 0.13414634146341464]
[843, 128, 17, 0.1328125]
[580, 106, 14, 0.1320754716981132]
[619, 61, 8, 0.13114754098360656]
[1327, 162, 21, 0.12962962962962962]
[1301, 163, 21, 0.12883435582822086]
[136, 96, 12, 0.125]
[675, 104, 13, 0.125]
[80, 81, 10, 0.12345679012345678]
[1333, 81, 10, 0.12345679012345678]
[271, 41, 5, 0.12195121951219512]
[685, 174, 21, 0.1206896551724138]
[725, 108, 13, 0.12037037037037036]
[209, 93, 11, 0.11827956989247312]
[175, 35, 4, 0.11428571428571428]
[249, 62, 7, 0.11290322580645161]
[1296, 445, 50, 0.11235955056179775]
[530, 201, 22, 0.10945273631840796]
[662, 130, 14, 0.1076923076923077]
[942, 28, 3, 0.10714285714285714]
[88, 189, 19, 0.10052910052910052]
[957, 150, 15, 0.1]
[1264, 369, 36, 0.0975609756097561]
[110, 32, 3, 0.09375]
[1273, 236, 22, 0.09322033898305085]
[41, 143, 13, 0.09090909090909091]
[1337, 189, 17, 0.08994708994708994]
[1201, 279, 25, 0.08960573476702509]
[658, 191, 17, 0.08900523560209424]
[275, 91, 8, 0.08791208791208792]
[1265, 290, 25, 0.08620689655172414]
[371, 195, 16, 0.08205128205128205]
[929, 49, 4, 0.08163265306122448]
[730, 236, 19, 0.08050847457627118]
[361, 25, 2, 0.08]
[1132, 25, 2, 0.08]
[45, 176, 14, 0.07954545454545454]
[639, 131, 10, 0.07633587786259542]
[1233, 53, 4, 0.07547169811320754]
[1137, 163, 12, 0.0736196319018405]
[24, 44, 3, 0.06818181818181818]
[769, 62, 4, 0.06451612903225806]
[830, 78, 5, 0.0641025641025641]
[517, 227, 14, 0.06167400881057269]
[1318, 260, 16, 0.06153846153846154]
[1006, 66, 4, 0.06060606060606061]
[1256, 155, 9, 0.05806451612903226]
[1249, 318, 18, 0.05660377358490566]
[804, 72, 4, 0.05555555555555555]
[1049, 73, 4, 0.0547945205479452]
[34, 94, 5, 0.05319148936170213]
[1320, 152, 8, 0.05263157894736842]
[673, 663, 34, 0.05128205128205128]
[995, 40, 2, 0.05]
[328, 41, 2, 0.04878048780487805]
[881, 123, 6, 0.04878048780487805]
[1259, 979, 42, 0.04290091930541369]
[1329, 188, 8, 0.0425531914893617]
[943, 237, 10, 0.04219409282700422]
[579, 101, 4, 0.039603960396039604]
[1122, 54, 2, 0.037037037037037035]
[739, 59, 2, 0.03389830508474576]
[258, 68, 2, 0.029411764705882353]
[618, 76, 2, 0.02631578947368421]
[1190, 77, 2, 0.025974025974025976]
[1243, 249, 5, 0.020080321285140562]
[218, 141, 2, 0.014184397163120567]
[743, 179, 2, 0.0111731843575419]
[1, 0, 29, 0]
[2, 58, 0, 0.0]
[3, 251, 0, 0.0]
[4, 33, 0, 0.0]
[5, 0, 40, 0]
[8, 31, 0, 0.0]
[10, 0, 44, 0]
[13, 0, 0, 0]
[16, 50, 0, 0.0]
[19, 0, 31, 0]
[22, 67, 0, 0.0]
[32, 0, 28, 0]
[35, 0, 0, 0]
[38, 16, 0, 0.0]
[40, 0, 128, 0]
[43, 28, 0, 0.0]
[52, 0, 3, 0]
[55, 15, 0, 0.0]
[60, 0, 41, 0]
[63, 70, 0, 0.0]
[65, 0, 42, 0]
[68, 0, 0, 0]
[71, 39, 0, 0.0]
[86, 0, 18, 0]
[87, 0, 35, 0]
[89, 105, 0, 0.0]
[90, 30, 0, 0.0]
[96, 0, 62, 0]
[99, 56, 0, 0.0]
[103, 0, 36, 0]
[106, 38, 0, 0.0]
[123, 0, 21, 0]
[126, 39, 0, 0.0]
[130, 0, 29, 0]
[132, 0, 25, 0]
[133, 18, 0, 0.0]
[135, 34, 0, 0.0]
[137, 0, 12, 0]
[140, 108, 0, 0.0]
[144, 0, 45, 0]
[147, 3, 0, 0.0]
[149, 0, 17, 0]
[150, 0, 3, 0]
[152, 22, 0, 0.0]
[153, 0, 0, 0]
[156, 37, 0, 0.0]
[166, 0, 19, 0]
[169, 25, 0, 0.0]
[183, 0, 35, 0]
[185, 0, 13, 0]
[186, 66, 0, 0.0]
[188, 53, 0, 0.0]
[191, 0, 23, 0]
[194, 39, 0, 0.0]
[201, 0, 33, 0]
[204, 105, 0, 0.0]
[205, 0, 15, 0]
[208, 52, 0, 0.0]
[219, 0, 40, 0]
[221, 0, 85, 0]
[222, 95, 0, 0.0]
[224, 73, 0, 0.0]
[227, 0, 30, 0]
[230, 25, 0, 0.0]
[233, 0, 24, 0]
[235, 0, 17, 0]
[236, 72, 0, 0.0]
[238, 65, 0, 0.0]
[252, 0, 40, 0]
[255, 2, 0, 0.0]
[259, 0, 30, 0]
[262, 60, 0, 0.0]
[266, 0, 28, 0]
[269, 101, 0, 0.0]
[274, 0, 33, 0]
[277, 53, 0, 0.0]
[280, 0, 41, 0]
[283, 23, 0, 0.0]
[288, 0, 40, 0]
[291, 12, 0, 0.0]
[296, 0, 19, 0]
[299, 54, 0, 0.0]
[300, 0, 31, 0]
[303, 21, 0, 0.0]
[304, 0, 34, 0]
[306, 0, 17, 0]
[307, 29, 0, 0.0]
[309, 98, 0, 0.0]
[310, 0, 15, 0]
[313, 37, 0, 0.0]
[349, 0, 30, 0]
[350, 0, 29, 0]
[352, 49, 0, 0.0]
[353, 35, 0, 0.0]
[359, 0, 14, 0]
[362, 0, 0, 0]
[365, 55, 0, 0.0]
[375, 0, 18, 0]
[378, 57, 0, 0.0]
[383, 0, 26, 0]
[386, 58, 0, 0.0]
[411, 0, 30, 0]
[413, 0, 24, 0]
[414, 278, 0, 0.0]
[415, 0, 41, 0]
[416, 243, 0, 0.0]
[418, 66, 0, 0.0]
[428, 0, 60, 0]
[430, 0, 27, 0]
[431, 5, 0, 0.0]
[433, 165, 0, 0.0]
[435, 0, 5, 0]
[437, 0, 24, 0]
[438, 47, 0, 0.0]
[440, 111, 0, 0.0]
[442, 0, 18, 0]
[445, 83, 0, 0.0]
[450, 0, 20, 0]
[453, 225, 0, 0.0]
[462, 0, 2, 0]
[465, 161, 0, 0.0]
[471, 0, 26, 0]
[472, 0, 27, 0]
[473, 0, 20, 0]
[474, 13, 0, 0.0]
[475, 30, 0, 0.0]
[476, 30, 0, 0.0]
[477, 0, 12, 0]
[480, 20, 0, 0.0]
[488, 0, 37, 0]
[491, 0, 0, 0]
[494, 47, 0, 0.0]
[501, 0, 52, 0]
[503, 0, 31, 0]
[504, 0, 0, 0]
[506, 25, 0, 0.0]
[507, 41, 0, 0.0]
[509, 0, 16, 0]
[512, 2, 0, 0.0]
[515, 0, 2, 0]
[518, 6, 0, 0.0]
[522, 0, 33, 0]
[525, 76, 0, 0.0]
[529, 0, 13, 0]
[532, 68, 0, 0.0]
[534, 0, 17, 0]
[537, 0, 0, 0]
[540, 91, 0, 0.0]
[546, 0, 44, 0]
[549, 80, 0, 0.0]
[551, 0, 30, 0]
[553, 0, 46, 0]
[554, 25, 0, 0.0]
[556, 115, 0, 0.0]
[560, 0, 19, 0]
[563, 57, 0, 0.0]
[564, 0, 22, 0]
[567, 154, 0, 0.0]
[570, 0, 80, 0]
[573, 23, 0, 0.0]
[574, 0, 4, 0]
[577, 14, 0, 0.0]
[587, 0, 15, 0]
[588, 0, 8, 0]
[590, 40, 0, 0.0]
[591, 379, 0, 0.0]
[593, 0, 28, 0]
[596, 63, 0, 0.0]
[598, 0, 22, 0]
[601, 25, 0, 0.0]
[607, 0, 38, 0]
[610, 79, 0, 0.0]
[612, 0, 28, 0]
[615, 3, 0, 0.0]
[617, 0, 20, 0]
[620, 51, 0, 0.0]
[623, 0, 18, 0]
[626, 0, 0, 0]
[629, 19, 0, 0.0]
[630, 0, 17, 0]
[633, 0, 0, 0]
[636, 11, 0, 0.0]
[638, 0, 11, 0]
[641, 0, 0, 0]
[644, 37, 0, 0.0]
[653, 0, 64, 0]
[656, 0, 0, 0]
[657, 0, 26, 0]
[659, 21, 0, 0.0]
[660, 14, 0, 0.0]
[669, 0, 50, 0]
[672, 17, 0, 0.0]
[674, 0, 24, 0]
[677, 80, 0, 0.0]
[683, 0, 32, 0]
[686, 227, 0, 0.0]
[690, 0, 17, 0]
[693, 63, 0, 0.0]
[708, 0, 28, 0]
[711, 59, 0, 0.0]
[717, 0, 44, 0]
[720, 82, 0, 0.0]
[721, 0, 2, 0]
[724, 59, 0, 0.0]
[733, 0, 115, 0]
[736, 2, 0, 0.0]
[737, 0, 2, 0]
[740, 2, 0, 0.0]
[742, 0, 40, 0]
[745, 90, 0, 0.0]
[749, 0, 17, 0]
[751, 0, 16, 0]
[752, 86, 0, 0.0]
[754, 40, 0, 0.0]
[755, 0, 51, 0]
[757, 0, 24, 0]
[758, 124, 0, 0.0]
[759, 0, 30, 0]
[760, 162, 0, 0.0]
[762, 62, 0, 0.0]
[764, 0, 14, 0]
[765, 0, 27, 0]
[767, 24, 0, 0.0]
[768, 82, 0, 0.0]
[780, 0, 16, 0]
[783, 83, 0, 0.0]
[787, 0, 64, 0]
[790, 112, 0, 0.0]
[792, 0, 65, 0]
[795, 0, 0, 0]
[797, 0, 13, 0]
[798, 36, 0, 0.0]
[800, 106, 0, 0.0]
[805, 0, 10, 0]
[808, 83, 0, 0.0]
[812, 0, 26, 0]
[813, 0, 19, 0]
[815, 198, 0, 0.0]
[816, 73, 0, 0.0]
[825, 0, 12, 0]
[828, 60, 0, 0.0]
[844, 0, 34, 0]
[846, 0, 85, 0]
[847, 55, 0, 0.0]
[849, 351, 0, 0.0]
[850, 0, 26, 0]
[853, 0, 0, 0]
[856, 63, 0, 0.0]
[857, 0, 44, 0]
[858, 0, 50, 0]
[860, 0, 0, 0]
[861, 39, 0, 0.0]
[863, 67, 0, 0.0]
[869, 0, 2, 0]
[872, 50, 0, 0.0]
[874, 0, 8, 0]
[877, 26, 0, 0.0]
[886, 0, 27, 0]
[889, 41, 0, 0.0]
[890, 0, 26, 0]
[891, 0, 40, 0]
[893, 0, 0, 0]
[894, 61, 0, 0.0]
[896, 128, 0, 0.0]
[898, 0, 29, 0]
[900, 0, 15, 0]
[901, 6, 0, 0.0]
[903, 29, 0, 0.0]
[905, 0, 57, 0]
[908, 79, 0, 0.0]
[910, 0, 23, 0]
[912, 0, 29, 0]
[913, 0, 0, 0]
[915, 29, 0, 0.0]
[916, 33, 0, 0.0]
[933, 0, 25, 0]
[936, 32, 0, 0.0]
[938, 0, 44, 0]
[941, 49, 0, 0.0]
[945, 0, 27, 0]
[948, 0, 0, 0]
[951, 35, 0, 0.0]
[958, 0, 43, 0]
[959, 0, 17, 0]
[960, 0, 75, 0]
[961, 97, 0, 0.0]
[962, 68, 0, 0.0]
[963, 128, 0, 0.0]
[969, 0, 27, 0]
[970, 0, 30, 0]
[971, 0, 23, 0]
[972, 61, 0, 0.0]
[973, 16, 0, 0.0]
[974, 0, 0, 0]
[977, 81, 0, 0.0]
[978, 0, 11, 0]
[980, 0, 41, 0]
[981, 14, 0, 0.0]
[983, 82, 0, 0.0]
[985, 0, 19, 0]
[986, 0, 29, 0]
[988, 19, 0, 0.0]
[989, 0, 0, 0]
[990, 0, 16, 0]
[992, 2, 0, 0.0]
[993, 45, 0, 0.0]
[998, 0, 18, 0]
[999, 0, 25, 0]
[1001, 23, 0, 0.0]
[1002, 47, 0, 0.0]
[1004, 0, 16, 0]
[1007, 0, 0, 0]
[1010, 93, 0, 0.0]
[1025, 0, 29, 0]
[1028, 7, 0, 0.0]
[1030, 0, 31, 0]
[1031, 0, 6, 0]
[1033, 144, 0, 0.0]
[1034, 41, 0, 0.0]
[1053, 0, 62, 0]
[1055, 0, 13, 0]
[1056, 255, 0, 0.0]
[1058, 122, 0, 0.0]
[1062, 0, 28, 0]
[1065, 59, 0, 0.0]
[1087, 0, 34, 0]
[1088, 0, 2, 0]
[1090, 0, 0, 0]
[1091, 0, 0, 0]
[1093, 101, 0, 0.0]
[1094, 91, 0, 0.0]
[1097, 0, 50, 0]
[1098, 0, 53, 0]
[1100, 55, 0, 0.0]
[1101, 100, 0, 0.0]
[1104, 0, 59, 0]
[1106, 0, 16, 0]
[1107, 12, 0, 0.0]
[1109, 25, 0, 0.0]
[1112, 0, 18, 0]
[1115, 17, 0, 0.0]
[1116, 0, 2, 0]
[1119, 2, 0, 0.0]
[1133, 0, 5, 0]
[1136, 120, 0, 0.0]
[1141, 0, 10, 0]
[1144, 47, 0, 0.0]
[1151, 0, 10, 0]
[1154, 7, 0, 0.0]
[1155, 0, 49, 0]
[1158, 0, 0, 0]
[1161, 0, 0, 0]
[1162, 0, 28, 0]
[1163, 0, 20, 0]
[1164, 36, 0, 0.0]
[1165, 16, 0, 0.0]
[1166, 15, 0, 0.0]
[1167, 0, 31, 0]
[1170, 3, 0, 0.0]
[1173, 0, 2, 0]
[1176, 234, 0, 0.0]
[1178, 0, 16, 0]
[1181, 81, 0, 0.0]
[1183, 0, 2, 0]
[1186, 0, 0, 0]
[1188, 0, 7, 0]
[1189, 15, 0, 0.0]
[1191, 42, 0, 0.0]
[1195, 0, 19, 0]
[1198, 51, 0, 0.0]
[1199, 0, 5, 0]
[1202, 0, 0, 0]
[1205, 24, 0, 0.0]
[1209, 0, 10, 0]
[1212, 21, 0, 0.0]
[1216, 0, 41, 0]
[1219, 8, 0, 0.0]
[1221, 0, 10, 0]
[1222, 0, 7, 0]
[1224, 24, 0, 0.0]
[1225, 0, 0, 0]
[1227, 0, 23, 0]
[1228, 55, 0, 0.0]
[1230, 4, 0, 0.0]
[1231, 0, 38, 0]
[1234, 0, 0, 0]
[1235, 0, 29, 0]
[1237, 0, 0, 0]
[1238, 0, 0, 0]
[1239, 0, 10, 0]
[1240, 5, 0, 0.0]
[1241, 0, 0, 0]
[1242, 74, 0, 0.0]
[1244, 67, 0, 0.0]
[1248, 0, 18, 0]
[1251, 0, 0, 0]
[1254, 58, 0, 0.0]
[1269, 0, 65, 0]
[1272, 87, 0, 0.0]
[1275, 0, 53, 0]
[1278, 49, 0, 0.0]
[1279, 0, 22, 0]
[1280, 0, 18, 0]
[1281, 0, 25, 0]
[1282, 156, 0, 0.0]
[1283, 26, 0, 0.0]
[1284, 27, 0, 0.0]
[1289, 0, 8, 0]
[1291, 0, 44, 0]
[1292, 65, 0, 0.0]
[1294, 61, 0, 0.0]
[1300, 0, 29, 0]
[1303, 18, 0, 0.0]
[1305, 0, 21, 0]
[1306, 0, 14, 0]
[1308, 0, 0, 0]
[1309, 62, 0, 0.0]
[1310, 0, 29, 0]
[1311, 116, 0, 0.0]
[1312, 0, 39, 0]
[1313, 87, 0, 0.0]
[1315, 122, 0, 0.0]
