Community: 
9
38
43
62
63
72
77
91
123
135
141
149
151
154
161
200
208
213
215
216
217
219
221
225
242
249
267
272
281
300
305
324
333
336
337
357
384
395
396
409
430
438
442
464
472
474
487
509
512
536
541
547
557
568
580
585
587
624
661
671
678
684
690
708
717
725
730
739
782
788
798
814
819
821
865
866
871
877
880
883
884
905
912
926
935
936
949
952
955
956
969
973
976
979
981
995
996
1004
1005
1024
1045
1059
1064
1073
1078
1085
1086
1091
1092
1127
1128
1147
1165
1182
1186
1189
1192
1209
1237
1239
1242
1256
1257
1266
1267
1279
1282
1295
1300
1307
1319
1342
1347
1363
1364
1387
1394
1400
1422
1435
1441
1445
1469
1470
1498
1503
1512
1525
1540
1551
1553
1555
1560
1567
1568
1573
1575
1592
1599
1604
1620
1635
1636
1688
1692
1705
1707
1714
1728
1739
1754
1765
1766
1767
1770
1784
1785
1796
1806
1810
1836
1855
1859
1875
1885
1890
1901
1907
1908
1918
1939
1952
1967
1992
1999
2006
2023
2025
2036
2061
2078
2082
2083
2088
2091
2115
2128
2157
2160
2175
2177
2188
2189
2191
2194
2202
2219
2220
2225
2273
2287
2296
2302
2322
2326
2341
2351
2352
2365
2366
2380
2395
2408
2411
2412
2435
2438
2443
2451
2459
2460
2473
2499
2507
2508
2520
2531
2532
2534
2535
2542
2555
2560
2573
2591
2599
2607
2632
2634
2639
2669
2671
2693
2695
2734
2742
2743
2751
2754
2765
2768
2790
2794
2804
2819
2840
2849
2860
2873
2874
2892
2895
2903
2912
2921
2940
2961
2969
2975
2980
2986
2990
2998
3001
3006
3019
3025
3026
3034
3043
3054
3055
3059
3074
3076
3087
3089
3111
3124
3127
3159
3203
3214
3223
3226
3232
3233
3239
3242
3250
3258
3259
3273
3287
3291
3302
3304
3324
3331
3337
3347
3390
3405
3411
3420
3448
3453
3461
3466
3471
3475
3476
3477
3484
3487
3495
Community: 
2
11
15
25
33
54
57
61
67
70
94
122
129
130
148
156
168
174
184
197
203
230
259
265
275
282
284
290
302
315
318
321
331
339
382
392
402
404
415
426
432
434
440
444
446
447
455
488
490
499
501
506
510
519
529
537
546
552
559
561
599
607
609
627
637
647
658
680
682
688
692
720
736
740
752
765
766
801
823
842
858
867
894
914
930
932
937
958
992
1008
1009
1012
1018
1027
1028
1030
1031
1052
1054
1081
1100
1104
1115
1116
1117
1132
1149
1153
1166
1183
1184
1198
1210
1214
1217
1225
1296
1301
1313
1316
1331
1339
1350
1373
1432
1434
1467
1472
1473
1475
1490
1491
1506
1513
1526
1544
1564
1581
1586
1594
1600
1601
1606
1611
1613
1618
1629
1631
1649
1681
1687
1693
1703
1709
1717
1718
1740
1747
1771
1773
1780
1786
1789
1798
1799
1803
1827
1841
1854
1856
1863
1872
1873
1877
1878
1896
1912
1914
1915
1935
1937
1955
2017
2057
2063
2096
2099
2118
2131
2132
2147
2152
2171
2183
2199
2209
2212
2221
2222
2233
2245
2278
2291
2355
2367
2383
2399
2417
2492
2493
2497
2523
2525
2537
2554
2564
2580
2582
2603
2614
2626
2645
2646
2658
2663
2690
2698
2745
2775
2784
2801
2826
2831
2832
2837
2843
2848
2851
2855
2861
2869
2872
2880
2884
2890
2914
2932
2947
2965
2967
2989
2992
2997
3008
3012
3028
3036
3037
3041
3046
3056
3079
3149
3154
3155
3164
3212
3222
3249
3257
3280
3308
3327
3330
3332
3339
3348
3355
3376
3379
3383
3397
3409
3410
3425
3431
3432
3450
3451
3460
3465
3470
3479
Community: 
3
7
20
30
41
42
49
50
59
85
87
105
106
115
117
121
132
137
138
140
160
194
196
205
229
246
285
286
291
296
298
306
310
320
325
365
373
388
389
401
406
412
416
417
420
433
435
453
457
458
467
483
503
516
518
524
527
558
611
622
629
668
673
687
697
698
714
722
753
774
793
794
807
828
829
863
876
888
899
902
904
924
946
967
1019
1026
1029
1039
1043
1053
1057
1065
1079
1094
1118
1124
1126
1140
1158
1168
1176
1193
1230
1231
1234
1244
1249
1263
1273
1278
1308
1317
1323
1352
1354
1362
1365
1375
1376
1377
1395
1402
1403
1421
1426
1429
1433
1462
1466
1474
1501
1509
1516
1518
1530
1542
1547
1548
1552
1569
1607
1610
1630
1633
1647
1652
1670
1683
1691
1698
1700
1710
1713
1725
1748
1752
1792
1809
1825
1860
1874
1881
1883
1891
1906
1911
1920
1938
1959
1960
1962
1971
1975
1995
1997
2004
2048
2054
2104
2107
2111
2122
2143
2144
2178
2179
2211
2216
2218
2237
2264
2289
2290
2293
2329
2353
2359
2369
2406
2474
2496
2502
2517
2562
2565
2577
2585
2594
2636
2662
2680
2681
2721
2749
2760
2763
2771
2779
2786
2805
2816
2824
2834
2870
2900
2911
2929
2948
2951
2957
2962
2964
2985
2995
3007
3009
3014
3030
3084
3103
3108
3114
3123
3161
3166
3167
3185
3194
3207
3216
3237
3240
3251
3266
3275
3310
3325
3340
3346
3359
3365
3367
3392
3407
3418
3419
3428
3446
3455
3456
3459
3468
3491
3494
3496
Community: 
4
13
14
17
19
22
29
32
101
103
110
128
134
142
147
153
182
187
231
250
262
268
269
274
289
317
370
385
387
414
459
489
493
525
538
539
584
602
650
705
709
716
718
721
760
783
791
817
835
836
837
839
841
845
893
925
938
940
941
942
943
948
1002
1014
1050
1055
1087
1106
1125
1134
1136
1161
1196
1202
1219
1221
1243
1246
1251
1310
1321
1324
1325
1328
1384
1389
1409
1442
1446
1476
1496
1524
1534
1577
1584
1587
1598
1605
1619
1621
1628
1644
1701
1729
1746
1749
1751
1801
1802
1811
1817
1820
1833
1853
1869
1923
1925
1930
1958
1976
1978
1996
2012
2014
2027
2034
2040
2090
2117
2137
2141
2159
2198
2214
2234
2260
2265
2268
2270
2284
2321
2364
2389
2394
2404
2434
2444
2476
2491
2505
2506
2514
2571
2581
2605
2613
2629
2637
2641
2653
2660
2665
2667
2675
2679
2687
2689
2700
2701
2704
2711
2715
2722
2724
2761
2767
2777
2813
2818
2821
2822
2828
2850
2876
2894
2897
2923
2941
2944
2952
2976
3015
3018
3021
3061
3077
3097
3141
3144
3150
3173
3183
3190
3262
3268
3296
3335
3342
3349
3360
3371
3380
3385
3399
3412
3416
3437
3441
3462
3488
Community: 
31
39
45
60
92
107
108
118
150
162
178
179
185
199
226
228
263
271
295
344
391
405
408
422
451
462
481
508
532
535
542
549
578
581
590
597
605
615
639
670
675
702
737
763
779
786
811
826
860
879
887
896
907
971
998
1069
1071
1074
1083
1088
1089
1097
1138
1145
1167
1173
1187
1204
1212
1228
1252
1261
1302
1304
1306
1326
1334
1356
1358
1374
1424
1478
1479
1480
1486
1494
1523
1535
1574
1589
1617
1623
1640
1642
1654
1694
1699
1736
1742
1744
1790
1793
1804
1816
1828
1839
1844
1848
1934
1979
1990
2026
2033
2119
2133
2155
2174
2180
2181
2193
2197
2206
2239
2257
2258
2271
2300
2306
2330
2332
2345
2347
2363
2368
2379
2385
2403
2414
2426
2433
2461
2470
2475
2509
2515
2586
2612
2617
2640
2656
2666
2668
2712
2756
2787
2789
2795
2799
2800
2803
2817
2830
2833
2844
2854
2857
2858
2863
2883
2889
2905
2918
2927
2935
2954
2955
2979
2984
3033
3044
3048
3051
3053
3071
3082
3083
3151
3153
3205
3241
3245
3267
3271
3292
3294
3309
3333
3350
3364
3366
3381
3408
3444
3454
3492
Community: 
37
73
78
90
95
102
113
143
146
152
163
192
202
218
220
277
303
322
345
347
352
353
361
367
386
398
419
445
456
478
498
523
588
595
596
598
625
636
643
645
660
674
683
699
729
732
777
792
804
869
892
953
968
975
977
989
1017
1077
1169
1171
1194
1218
1233
1277
1293
1294
1303
1361
1399
1414
1438
1455
1492
1495
1579
1582
1658
1667
1695
1727
1730
1731
1795
1822
1834
1837
1845
1904
1928
1936
1940
1983
1987
1994
2022
2056
2081
2105
2148
2184
2187
2203
2232
2250
2263
2307
2319
2348
2358
2370
2373
2374
2392
2423
2425
2448
2478
2480
2548
2595
2610
2611
2618
2625
2692
2726
2736
2774
2778
2811
2825
2898
2899
2904
2919
2934
2950
2958
3040
3069
3072
3086
3096
3107
3110
3112
3135
3147
3156
3189
3209
3213
3221
3281
3288
3303
3322
3374
3398
3406
3423
3429
3433
3482
3493
Community: 
12
26
46
66
209
234
237
278
323
343
349
358
380
411
418
450
468
470
479
553
566
573
610
644
651
672
677
695
703
742
754
755
758
830
906
910
919
986
1010
1070
1188
1195
1240
1265
1275
1284
1289
1397
1416
1418
1425
1450
1451
1499
1557
1609
1646
1664
1678
1689
1697
1715
1738
1762
1763
1777
1852
1865
1917
1919
1943
1948
1961
2032
2073
2075
2097
2116
2140
2215
2235
2295
2298
2301
2340
2354
2388
2494
2587
2642
2649
2686
2694
2699
2750
2797
2856
2924
2953
2963
2966
2970
2991
2993
3042
3057
3063
3080
3102
3137
3184
3197
3201
3208
3215
3285
3300
3321
3343
3353
3369
3427
3435
3439
3442
3449
3489
Community: 
6
27
68
97
155
195
198
243
279
314
381
492
495
548
569
594
667
707
724
731
751
781
799
803
982
1021
1123
1129
1163
1285
1385
1386
1408
1468
1597
1612
1662
1665
1666
1682
1706
1926
1929
1951
1964
1973
1989
2038
2072
2077
2084
2085
2092
2121
2201
2266
2274
2297
2314
2317
2320
2327
2346
2526
2529
2569
2590
2606
2619
2621
2624
2746
2829
2835
2868
2877
2916
3010
3113
3148
3227
3229
3260
3404
Community: 
232
342
400
517
623
626
990
1276
1826
1889
2113
2168
2500
2600
2635
2652
2661
2728
2738
2762
2770
2960
3032
3115
3247
3326
Community: 
292
934
1591
2503
3206
3403
Community: 
745
1250
3217
3363
Community: 
399
960
1135
2068
Community: 
784
2282
2973
Community: 
691
1268
2381
Community: 
327
1102
2769
Community: 
2436
3062
Community: 
1847
2597
Community: 
1775
1905
Community: 
1398
2101
Community: 
1333
2519
Community: 
1255
2522
Community: 
1236
2792
Community: 
1151
2455
Community: 
1011
2893
Community: 
772
1415
Community: 
619
3013
Community: 
571
2312
Community: 
308
2422
Community: 
3474
Community: 
3393
Community: 
3388
Community: 
3160
Community: 
3106
Community: 
3023
Community: 
2915
Community: 
2713
Community: 
2654
Community: 
2622
Community: 
2570
Community: 
2481
Community: 
2338
Community: 
2304
Community: 
2303
Community: 
2286
Community: 
2207
Community: 
2067
Community: 
2039
Community: 
2028
Community: 
1924
Community: 
1650
Community: 
1572
Community: 
1502
Community: 
1360
Community: 
1185
Community: 
1107
Community: 
1082
Community: 
1001
Community: 
767
Community: 
654
Community: 
565
Community: 
505
Community: 
494
Community: 
485
Community: 
437
Community: 
248
Community: 
145